428
699
786
842
852
746
829
857
778
756
204
814
636
1232
225
609
1535
446
159
126
961
960
959
958
957
956
955
1152
1018
1153
1154
1155
1156
1157
1218
1219
1220
1221
1222
1223
486
681
549
875
518
1588
978
1655
1852
1593
1642
1778
1663
1423
1606
80
1506
1626
1519
1503
1878
1720
1360
1721
1322
1061
1716
369
1368
211
1003
1808
299
1242
1243
1244
1245
1246
1063
1247
1044
1248
1249
1250
191
1482
260
1483
516
343
653
643
591
895
160
1259
704
1536
782
1122
1815
720
1233
1830
61
1697
45
1635
1620
89
364
719
684
1608
495
575
775
1677
1678
1679
1457
1670
1680
355
1364
1681
356
1682
359
406
1581
1580
1579
289
1578
1363
288
1577
1576
1456
1575
1574
1573
1572
1571
287
1486
1570
1569
1568
1567
1566
1565
1564
1563
1562
1561
1560
1559
121
1854
988
1660
120
981
733
787
296
183
565
808
124
464
798
348
221
360
795
508
136
205
439
402
491
817
1650
1597
1879
1403
1874
1781
1727
1288
1318
1358
1357
1356
1355
1354
1353
1352
1868
601
27
1824
308
661
444
384
1729
1543
1372
716
91
1183
1182
1181
168
171
1179
1862
278
683
920
1370
571
1884
572
442
1689
443
670
672
671
1180
1847
1707
1883
1039
1038
1037
1036
144
1035
1463
1464
1465
1466
1467
1468
1469
1470
896
1688
1717
1718
1719
1042
1596
1649
1547
1504
1548
1422
1549
1550
1505
1551
634
363
685
617
312
311
305
645
466
567
185
178
789
810
1694
1693
207
998
807
403
153
1692
1328
6
424
423
264
1485
265
367
366
339
340
602
657
1473
1474
1475
1476
1477
1478
1479
1480
1481
174
577
847
860
598
190
237
210
248
811
754
742
1371
1492
864
110
280
757
806
635
152
238
410
801
433
1200
585
1399
1398
246
1397
1851
46
84
1604
949
118
123
435
298
350
370
695
711
189
476
1654
254
252
1260
968
1048
1831
1777
1877
1601
783
1590
1726
1651
20
90
705
721
1675
1418
485
743
100
745
1295
1201
1384
1383
1382
1381
1327
1380
1379
1378
1377
1067
241
1375
24
52
1685
73
72
1366
1871
30
915
903
902
426
1800
1799
1703
918
31
1872
67
1367
29
107
1687
82
23
1041
1586
499
1321
38
1060
1589
1647
1648
1656
1657
1501
1658
300
1605
706
784
1417
722
1629
1459
112
1730
1702
1216
1022
1739
1740
1160
1741
1742
1107
1106
1105
1104
1103
1102
1101
1100
1099
62
1065
1374
839
840
282
1544
1545
1489
284
1546
1512
1115
1303
971
972
973
974
1008
1073
8
1304
1116
1513
7
557
1490
1491
868
109
1514
1117
270
687
674
430
376
454
77
78
1611
219
659
630
769
313
730
962
963
222
509
361
796
137
440
1866
0
1782
398
385
546
548
1794
1834
1783
1732
881
882
883
877
21
876
887
888
1329
1330
1331
1556
1555
1158
1254
702
739
623
391
459
931
1853
462
347
353
324
588
131
506
932
693
1603
1767
1766
1765
1051
388
212
447
161
523
929
540
538
844
735
201
726
620
724
532
329
982
1674
325
692
1662
332
1819
1820
1821
1822
1823
1706
1846
1234
1235
1236
1237
1238
188
1239
1240
1241
334
1085
1084
1083
1082
1081
950
1080
1079
1074
1009
1610
1780
1779
1736
1497
673
453
812
781
302
450
629
678
768
760
141
155
310
306
747
663
558
638
728
561
771
658
467
209
644
616
753
824
293
586
158
563
274
773
267
421
854
866
758
283
235
429
244
849
381
818
715
815
19
1617
1616
1416
1056
314
731
393
1599
547
372
837
830
779
697
841
785
744
776
850
791
942
755
813
650
804
203
855
176
129
556
494
530
380
799
349
899
487
628
473
279
226
610
717
220
1298
104
102
115
1804
111
105
1701
751
480
215
255
181
1021
1252
1253
1291
1885
1839
1835
1784
1734
242
1388
1387
1386
1385
458
622
738
701
940
964
965
966
419
386
1046
318
967
407
251
1511
1644
1047
1645
1646
1600
316
81
1686
25
1059
37
1320
1040
1850
420
520
479
408
387
148
344
471
1602
836
1591
373
319
323
794
568
472
271
333
304
1632
1076
1011
679
1010
1075
1631
351
132
589
1136
1137
1138
1139
1140
1141
1142
1143
1144
1145
1146
1147
1148
1149
1150
1151
469
186
608
1698
1528
1527
576
173
489
504
1691
1857
996
1300
63
1066
825
294
584
276
821
774
268
422
759
867
943
827
1843
979
985
1661
828
992
2
1773
48
175
1194
1193
1192
1043
1191
1062
1190
1189
1188
1187
1186
170
1185
710
371
694
845
619
231
500
147
539
528
615
649
946
295
117
1325
1690
1856
1451
1450
1449
1448
1447
1446
1445
1444
1443
1442
1441
1440
1439
1438
1437
1436
1746
511
1751
512
626
922
987
1659
930
1087
1086
156
1433
1432
1431
1430
1429
1428
1289
1793
409
1748
1752
1753
1754
1755
1756
1757
1488
1758
1759
655
1769
1665
642
526
1365
534
1875
1671
1484
667
1876
535
668
1791
1683
1837
529
593
483
764
1870
890
676
341
914
1669
1668
1098
1097
1096
1095
1094
1124
1509
1426
1257
1813
761
1120
1533
1336
42
580
871
583
527
1498
9
65
83
1012
1077
1633
1624
1531
1212
1213
1214
180
826
1715
1714
1713
1712
1711
368
1710
1709
1070
708
1089
1088
331
937
980
975
1869
1584
1583
1582
86
85
1487
5
40
66
74
245
1396
1395
236
1807
1806
1805
1803
114
101
1297
1296
777
113
851
698
816
382
1393
1394
247
243
1392
1391
1390
1389
1745
1867
611
612
880
199
198
197
921
51
624
1435
1434
250
328
338
303
335
707
595
544
394
734
272
477
456
249
354
723
445
662
309
969
1261
196
970
214
253
320
475
531
273
195
127
317
315
1197
1587
891
625
878
618
884
501
656
874
640
889
603
555
570
941
425
543
266
917
345
926
1622
1529
57
951
79
1826
1229
41
1335
1532
1119
664
1812
1256
1425
1508
1592
134
514
552
1554
1359
1017
1114
1113
1112
1111
1110
1109
1108
1743
1798
1672
28
233
35
1802
613
1842
1861
1705
200
1178
1177
1176
1175
1174
1195
1293
95
1292
1196
1362
1849
43
1319
36
1058
1068
1069
1376
240
1788
1302
1301
997
948
1228
1227
1226
947
1809
99
98
1326
513
925
1845
321
379
490
488
898
128
522
944
928
736
537
594
149
767
574
861
803
122
223
800
797
510
139
208
441
362
493
639
154
680
452
277
378
140
431
675
455
689
564
301
559
562
772
269
468
863
853
383
1515
275
1305
18
17
1118
865
12
179
1373
822
281
1542
1334
1541
1540
1539
913
1204
1333
1
1772
1774
993
990
989
986
983
977
976
497
718
936
682
463
11
16
1307
1401
1595
14
1517
13
560
1494
823
748
1126
228
229
418
417
413
414
400
286
1093
285
399
395
412
416
227
224
478
519
848
838
780
106
1493
819
820
1294
71
103
790
858
218
291
725
843
578
172
192
596
169
1184
1516
33
1400
1306
15
10
1607
1002
44
1525
1072
1619
1634
87
60
1699
92
1829
805
792
116
1203
651
1825
49
1339
1338
1402
1886
1724
984
505
1855
991
1332
945
1538
1537
1696
1859
1001
912
1811
1790
1071
911
905
910
1309
1308
1050
597
859
846
916
669
573
766
901
150
592
217
614
897
873
648
146
498
451
377
688
1496
1495
1499
1738
75
76
1613
1612
97
96
1737
232
646
1594
1643
1500
1618
1664
1421
1424
545
1760
1507
1627
1520
307
1521
1522
1523
1461
1462
1215
1019
1255
1159
1290
143
1034
831
119
835
1747
834
832
1880
833
569
542
461
1033
1032
1031
389
1317
1316
1315
1314
1313
1312
213
1311
1310
909
906
1708
26
1881
554
4
553
1749
3
206
465
177
184
64
187
470
637
1518
1552
1553
1653
541
162
587
327
934
691
133
551
390
856
605
582
525
234
579
919
763
709
405
654
358
677
482
904
1526
1007
1006
1005
1004
1609
1614
1013
1621
1636
954
1625
1078
53
230
496
870
862
633
357
404
869
872
581
54
1792
1684
1838
55
56
1057
1323
1045
1848
1361
1723
1173
1172
167
1171
166
1170
1169
165
1168
1167
1166
1165
32
1873
68
1369
647
69
70
1471
1472
793
1020
1700
1728
436
375
1458
1667
1628
1415
1414
1413
1412
1411
1410
1409
1408
1407
1406
1405
1404
660
631
770
1598
1641
1640
1639
1638
1637
448
437
258
923
502
1704
1860
1841
1801
34
1164
1163
1162
1161
1287
1286
1285
1023
1217
1284
1283
1282
1281
1280
1279
1278
1277
1276
1275
1274
1273
1272
1271
1270
1269
1268
1267
1266
194
1265
1264
1263
1262
1049
503
449
438
259
924
732
606
374
401
427
365
524
607
752
481
256
182
216
193
142
263
415
1786
1785
1761
108
1524
1818
1030
1029
1028
1027
1026
1025
1024
145
1016
1015
1014
1731
1771
1460
1630
1770
1676
1419
262
1864
1615
1420
1666
1502
1768
1652
1123
1795
665
1762
666
1054
750
749
1090
536
765
632
1230
1827
93
952
58
1530
1623
336
337
686
474
432
1350
1349
1348
1347
1346
1345
1344
1343
1342
1341
1340
1865
1888
1735
1836
1776
1844
1840
1225
1887
1209
1210
1211
59
953
94
1828
1231
1324
1337
1534
1121
729
1814
1258
1427
1510
1125
1797
1833
1764
1673
47
1055
762
1763
1832
1796
1052
397
396
157
1092
1091
163
1127
164
1053
1128
1129
1130
1131
1132
1133
1134
1135
326
507
933
690
550
135
457
621
515
737
700
939
392
1775
1817
1816
460
740
703
1863
994
938
88
1558
1224
1557
1202
788
492
809
566
297
125
434
802
292
322
533
330
346
927
352
130
1789
1810
907
1000
1858
1695
908
1205
1206
1207
1208
1725
894
590
641
652
342
517
261
604
900
257
1455
1454
1453
1452
995
1299
1787
935
1744
1733
50
1750
879
892
885
886
893
22
1882
521
202
727
627
484
151
1064
1585
290
1198
1251
712
600
714
1722
696
713
599
1199
39
1351
999
138
239
411
741
