2
1771
1772
1865
553
39
887
556
1303
64
1606
1607
1493
559
1594
1305
11
17
17
1616
1650
876
1881
81
1057
1058
1880
1881
1365
106
1870
1871
1872
1515
1800
1801
1057
1058
1059
1867
5
1334
1335
1848
1001
1634
83
1672
1772
1864
1749
920
24
1077
1791
55
55
1528
1529
1530
86
1696
1786
1065
1297
9
40
1366
1368
646
69
1293
1365
72
66
75
75
77
77
950
1505
1059
23
1011
46
1486
85
60
120
363
20
715
1698
951
952
1292
96
96
98
98
742
113
103
789
1297
110
1542
29
1760
867
863
1803
1458
850
1802
1803
1202
1324
122
834
1659
88
802
118
463
296
960
316
897
555
351
587
588
690
513
456
204
439
998
509
377
759
192
1033
1035
1023
497
538
343
766
591
1063
634
402
679
141
1084
1091
585
126
1534
472
965
1126
1052
1167
1170
1170
1180
1183
1185
168
191
575
576
1193
786
464
184
1372
1213
254
255
564
177
178
468
219
1237
596
190
1249
172
142
1264
530
1260
165
166
167
1177
725
726
854
813
136
439
997
139
643
467
825
127
1310
969
254
193
613
857
1323
187
347
508
799
226
608
609
415
228
228
495
618
526
1366
578
282
1394
942
409
410
1375
1066
1387
1391
428
1396
1396
1393
210
455
327
1510
253
319
1653
181
182
899
436
437
1482
603
654
414
1484
1484
542
420
421
467
686
332
476
530
772
1397
820
451
682
472
756
1541
1543
235
1488
398
399
1570
1576
1577
1584
218
321
585
824
945
183
565
349
333
1604
563
449
337
332
310
746
1520
501
502
155
305
616
729
1597
316
1599
127
1045
322
474
1844
292
319
352
1659
588
586
250
531
345
936
346
271
250
303
336
336
303
339
339
675
516
652
148
496
330
352
221
798
298
925
130
324
249
1679
1680
403
653
1681
794
795
796
633
1698
426
366
366
1709
1715
632
709
546
319
400
1457
429
687
140
489
529
817
815
852
443
545
418
148
1050
1013
457
622
938
730
543
156
396
1051
1781
156
157
374
438
806
868
653
359
966
478
1792
238
740
395
413
413
263
227
417
417
965
315
267
268
423
423
542
1799
365
698
244
376
674
1807
800
801
298
1727
258
259
402
137
139
1688
669
384
661
1534
161
437
502
302
53
679
672
430
674
249
135
390
622
1774
510
1818
494
124
177
492
209
210
186
187
344
271
279
299
320
1653
272
1831
408
215
751
676
1837
626
1838
680
627
489
503
379
402
808
466
529
574
230
345
146
1585
147
883
308
309
489
983
131
588
136
222
796
1745
1750
504
551
620
343
342
874
1795
420
599
943
627
365
581
1364
232
538
1044
380
273
329
330
1874
1875
707
735
539
147
538
1598
144
266
394
1759
385
1598
1793
874
689
390
514
4
4
569
129
7
637
301
13
770
771
158
301
807
297
466
793
832
940
1369
1369
765
766
495
845
846
842
234
870
871
604
527
294
1398
158
130
131
326
893
894
150
1056
291
544
192
189
859
712
711
39
656
888
261
582
374
524
186
225
226
611
611
1801
217
857
752
684
877
231
723
515
737
391
1745
890
512
484
523
450
658
659
764
861
636
805
804
634
727
644
873
651
1863
591
209
305
232
69
146
1199
812
116
342
343
358
262
873
602
770
630
631
308
309
811
1118
1761
1053
534
535
573
443
670
670
1735
430
431
341
358
629
1009
154
486
935
188
1697
617
337
270
1495
455
932
133
993
931
844
710
712
778
850
428
736
737
552
1862
1535
1600
300
595
536
405
371
189
600
696
1721
817
91
220
916
1829
781
782
1416
354
620
842
201
202
638
1120
126
314
606
129
272
201
927
700
622
623
460
411
1065
100
784
100
828
306
1118
1761
1053
480
481
823
810
812
777
280
283
866
141
1119
1762
709
54
536
573
574
760
313
1597
561
269
274
820
575
849
1295
756
829
837
302
1535
1600
1416
744
841
176
492
809
103
941
804
1019
568
360
361
510
348
801
223
433
434
350
203
636
491
403
565
492
789
754
781
755
636
836
382
847
381
1492
819
276
1372
1493
293
294
211
1842
1660
856
779
143
1879
832
1746
119
1590
830
780
839
839
697
786
578
538
619
576
577
817
381
776
698
842
383
421
203
1386
778
218
597
598
574
633
853
110
274
854
759
109
404
862
583
581
896
656
549
553
21
618
1749
22
1731
882
882
501
885
885
887
6
603
676
625
879
22
590
591
1368
614
128
939
604
766
426
914
482
909
1069
1809
1694
906
905
1070
1810
1538
341
30
904
718
426
579
1238
51
626
258
259
733
351
346
736
540
1658
1852
693
690
691
1797
718
331
88
700
701
425
755
867
522
1537
295
1808
1382
1603
1079
57
93
94
1635
955
955
957
957
958
960
126
126
963
963
964
419
407
1259
1260
214
1302
972
973
973
1868
1292
95
1587
1842
332
120
532
985
505
1660
988
1852
1853
986
989
1
2
990
1862
1298
1299
1300
207
138
1857
1858
44
1807
1004
1004
1005
1006
1072
1073
1074
1075
1076
1620
1730
1015
1015
1358
1152
1214
793
1251
1215
1216
1024
1024
1025
1026
1028
1029
1029
1030
1031
1032
143
143
144
1037
1037
1038
1319
1585
1719
1191
1247
1847
318
1644
1830
1261
1307
388
397
164
666
47
1639
56
24
25
38
1321
1190
1246
1584
62
63
241
1067
1068
906
911
1524
1008
1009
1010
1011
1012
1624
1079
950
1081
1082
1082
1084
156
156
1087
1087
1088
1090
1090
157
286
1094
1094
1096
1096
1097
1098
1099
1100
1101
1103
1103
1104
1106
1107
1107
1108
1110
1110
1111
1113
1113
1511
1512
1513
17
1531
761
729
1535
1794
1795
1796
163
164
1128
1128
1130
1131
1131
1132
1133
1134
1136
1136
1137
1138
1139
1140
1142
1143
1143
1144
1146
1146
1147
1149
1150
1150
1151
1153
1153
1154
1155
1156
1253
1254
1739
1286
1162
1162
1164
1165
1165
1167
165
165
1169
167
167
1172
1173
1175
1176
1176
1177
1861
1233
168
1181
1183
169
169
170
1186
1187
1189
1062
1062
1043
1192
175
1292
1291
499
1868
39
1293
1294
1824
116
1332
1205
1206
1206
1207
1208
1210
1210
1212
1212
1213
1019
1022
1023
1218
1219
1219
1221
1222
1222
1556
1839
947
1226
1201
41
42
1323
1828
1829
1234
1234
1235
1237
188
1239
1239
1241
1241
1242
1243
1245
1063
1063
1044
1248
191
712
1252
1252
1158
1159
1811
1812
1813
1510
968
969
1049
1263
1263
194
1266
1266
1268
1269
1269
1270
1272
1273
1273
1274
1276
1277
1277
1278
1280
1280
1281
1283
1283
1285
1286
1286
1158
1427
1462
1884
1196
1195
71
1201
777
101
64
995
996
997
1787
971
8
18
1399
1400
1050
1309
1309
213
1312
1312
1314
1315
1315
1316
1357
36
37
38
1061
1057
1231
117
98
1380
1328
1329
1329
1330
1332
1332
1540
41
42
1324
1338
1338
1339
1340
1341
1343
1343
1344
1345
1346
1347
1349
1350
1350
1351
1353
1353
1354
1356
1357
1357
1017
1719
1847
1848
288
355
526
72
67
1714
68
571
1394
1542
179
1065
241
240
1377
1377
1379
1379
1381
1381
1382
1383
1385
1385
1387
242
1389
1389
1390
243
1393
1393
1395
245
245
246
1398
1306
1307
1885
1886
1404
1404
1405
1406
1408
1409
1410
1410
1412
1413
1413
1627
1615
722
1674
1675
1614
1663
1547
1662
1421
1256
1257
1258
1289
1428
1430
1431
1431
1433
1433
1434
1435
1436
1438
1438
1439
1441
1441
1442
1444
1444
1445
1446
1447
1448
1450
1450
1452
1453
1454
1454
1574
1678
1666
112
1770
1461
1461
1463
1463
1464
1465
1467
1467
1469
1469
1470
1471
1473
1474
1474
1475
1476
1478
1479
1479
1480
260
260
1670
265
1570
85
1757
284
557
868
864
716
560
1495
1495
1735
9
1737
1617
1656
1665
1500
1547
1549
80
1759
1123
1124
1125
251
1545
7
109
110
33
14
1550
1625
1626
1521
1521
1522
1817
1072
1526
1527
1527
57
58
59
1119
1120
1121
446
782
1695
945
1539
1540
1334
1334
1372
282
1489
284
1504
1504
1549
1505
1505
1552
1552
1254
1555
1556
1224
1224
1559
1559
1560
1562
1562
1563
1565
1565
1566
1568
1568
1569
287
1572
1572
1574
1456
1576
288
289
289
1580
1580
1581
1583
1583
1064
1041
1587
1587
1646
1725
836
1602
1723
1724
14
1648
1649
1640
547
316
783
836
1766
949
300
80
10
11
1004
1779
78
97
76
1526
1664
1416
19
1663
1633
1634
1013
1630
1631
1632
1078
1519
1520
1666
1459
1769
1075
1076
1077
1619
45
954
1637
1637
1638
1640
1640
1593
1594
1047
1047
1600
1589
1647
1596
1597
1725
1767
393
254
978
1656
1656
1501
987
988
985
120
1423
1618
1615
1502
1458
1668
1668
1679
1484
676
1763
325
1418
1419
1677
1678
1678
355
356
356
1790
1791
52
81
82
70
442
1855
1856
1692
1693
1693
908
1858
61
1528
60
1727
1728
1729
1798
1859
1860
1822
1846
1708
1709
1709
368
1712
1713
1713
1368
369
1717
1717
1718
1042
1360
696
1361
1593
1594
1590
1780
1700
1701
112
1770
1782
1743
1783
1835
1778
96
75
1739
1739
1741
1742
1743
1733
1866
511
834
1751
3
879
512
1752
1752
1754
1754
1755
1756
1758
1758
1507
108
666
762
1673
1765
1766
1603
1502
1665
1676
1460
1
2
1772
1816
1843
1876
1642
1779
1610
1727
0
1833
1834
1785
1785
62
1302
1070
1071
1683
1684
409
1833
1123
1124
1125
935
1799
1799
34
35
114
111
1805
1806
1806
432
99
907
912
1256
761
729
1122
1816
1775
1524
462
1820
1820
1821
1822
27
1203
1229
93
94
1232
1233
1048
1763
1764
1783
1784
1735
1683
55
1835
1225
1859
1860
979
1776
321
1234
1707
1045
1362
1040
46
984
987
988
991
995
996
1000
1001
1704
1705
1179
994
642
49
3
1745
39
975
526
30
31
32
1225
534
535
1777
1402
1403
832
26
27
1707
571
1839
1402
1403
1735
