42
1230
1336
1120
1533
1813
1257
761
1509
1426
1796
1832
1124
478
1763
1055
47
1764
1833
1125
1510
1797
1427
1814
1258
1121
1534
729
1324
1337
219
1828
1231
953
59
1624
1077
1633
1531
1012
1612
96
1737
1498
65
97
9
1738
76
1613
53
451
1078
1013
1636
1621
1625
75
1499
377
1496
688
18
1118
1305
1495
1614
1526
1528
1698
469
608
958
957
959
961
126
960
159
446
160
225
1535
186
955
1527
1007
1005
1004
1609
1399
585
246
1397
1398
245
275
110
1515
1492
1371
382
1394
247
243
1393
816
1392
1390
1391
698
1389
1388
1387
242
1386
856
743
745
1385
1228
1201
1384
1382
1381
1327
997
1379
1378
1301
1068
1069
240
1788
1376
241
1375
1377
1380
1691
1326
99
1809
98
1857
1300
63
742
996
947
1227
1295
1226
948
1296
1297
1298
64
788
809
566
492
177
184
434
799
349
802
125
465
104
115
102
111
105
1543
106
716
1493
91
820
1516
819
236
1396
864
1807
1805
1803
101
113
777
114
1804
1806
851
1395
33
1306
15
1607
1002
1525
44
1619
87
1634
364
60
92
1699
1232
609
251
407
162
965
966
964
962
730
963
313
630
769
1637
1639
1640
1056
1598
770
631
314
1641
1638
386
1046
967
1644
1511
1047
1646
316
1589
1648
1656
1501
1658
1657
90
1651
20
1590
783
1726
721
1877
1601
705
1831
1777
968
1048
252
1654
476
254
969
196
970
1050
1309
1308
1311
1310
1312
213
1314
1316
1317
1313
1267
1268
1270
1271
1269
194
1266
1264
1265
1262
1263
1261
214
447
473
161
226
717
610
187
470
637
363
685
312
311
645
639
154
452
277
305
617
680
378
431
455
689
301
559
562
269
210
248
468
811
825
294
754
276
584
774
268
821
759
943
237
863
383
280
817
757
838
848
428
780
786
699
852
746
857
829
756
204
636
805
814
778
842
792
1203
651
1825
1604
118
949
1693
207
807
998
138
403
999
123
1694
1328
1330
1329
1692
1331
116
810
178
567
185
493
435
350
803
122
800
797
362
139
208
441
223
510
466
789
1205
1333
1204
1332
908
1858
1695
907
1000
1789
1070
1810
1811
1790
912
1859
1696
1001
1538
1537
1071
910
911
909
905
945
906
1206
1208
1207
1210
1209
1212
1211
1214
180
12
560
1494
13
823
1373
822
281
179
1334
1542
1540
1539
913
1213
1517
1595
1401
14
826
1307
11
16
211
1003
1608
432
634
279
320
253
531
195
127
315
317
520
479
420
212
273
408
148
387
471
1602
1591
373
323
794
319
472
333
304
336
686
474
334
250
299
337
328
303
335
338
595
544
707
734
477
272
394
249
354
456
445
309
503
662
449
259
924
606
374
732
438
401
365
524
607
481
256
752
216
142
263
193
415
1786
1761
1785
1217
1284
1282
1283
1280
1279
1277
1276
1278
1275
1273
1272
1675
1274
1281
1418
1417
784
722
1459
1629
1730
112
1216
1739
1022
1702
751
215
255
480
1021
181
1701
258
448
502
661
308
384
437
444
1416
436
1700
375
1728
1458
1628
1415
1414
1412
1411
1409
1408
1410
1407
1405
1404
660
1673
762
519
665
666
1054
1762
749
1795
1508
1123
1256
1425
664
1119
748
1532
41
1229
1335
1812
79
1826
57
951
1622
1075
1631
1529
679
1010
78
77
454
687
674
376
270
728
561
658
467
644
616
824
293
158
753
209
771
430
558
663
781
302
629
450
768
678
141
155
760
306
310
812
638
1611
1076
1632
1011
1530
1623
952
58
1827
94
83
93
1223
1221
1220
1218
1157
1155
1156
1153
1018
1152
1150
1149
1148
1146
1145
1143
1142
1141
1139
1140
1137
1138
1135
1136
1133
1132
1130
1129
1131
1128
164
1053
163
1126
228
417
413
396
157
1091
1092
400
1093
1094
1096
1095
1098
1099
1097
1101
1102
1104
1105
1103
1100
1504
1547
1422
1549
1505
1551
1550
1107
1106
1109
1110
1112
1113
1111
1114
1359
1554
1017
1158
1288
1254
1727
1874
1840
1844
1836
1776
1888
1735
49
84
1851
74
46
66
5
1487
86
1677
1679
1457
1670
355
1364
356
1682
1681
1680
590
641
342
652
894
646
527
583
232
580
632
536
708
765
404
357
484
359
627
861
767
149
594
574
218
615
539
528
500
231
845
694
619
371
596
710
727
172
578
725
537
928
736
522
128
944
488
379
1845
490
321
898
981
1660
120
1662
1854
121
938
994
88
1863
692
988
1674
982
329
497
532
326
507
933
550
135
690
132
351
345
589
457
515
737
939
392
621
993
989
990
983
977
1293
95
1292
1362
43
1319
1058
36
52
1685
73
28
72
1871
1366
915
903
426
902
1800
1703
918
31
67
1872
29
1367
233
107
1716
1368
369
1714
1715
1712
1711
1713
32
68
1873
896
647
1369
70
1688
1061
1719
1042
1360
1721
1322
1718
23
1687
1717
1720
1041
499
1321
1060
81
1686
1059
37
25
1040
1850
38
1320
1849
24
483
1684
1838
1792
55
1057
1323
593
1045
1361
1723
1195
976
1848
56
764
581
54
895
643
653
591
516
262
343
260
1482
1483
1481
1479
1478
1480
1476
1477
1474
1473
1472
1470
1471
1468
1467
1469
1465
1466
1463
1290
1255
1019
1462
1523
1521
307
1627
1507
1520
1522
1760
1424
1664
1421
545
1618
1503
1663
1778
1593
1642
1886
1724
1878
1596
1402
1403
1879
1887
1594
1643
1725
1650
1649
1597
1500
1406
731
1653
547
393
372
541
1600
1645
1647
1617
1616
300
706
923
1605
19
318
1599
419
700
1774
1
991
1855
984
1852
1655
1588
978
1197
1586
1587
1196
986
926
1817
1775
460
1816
703
325
332
353
324
588
506
932
131
693
514
134
702
739
391
459
552
347
937
1659
930
1853
931
331
980
1869
1198
975
1251
600
714
712
696
1722
599
1199
1868
601
713
290
1064
1584
1585
1583
1581
1582
1579
1580
1578
1363
289
1577
1576
288
1575
1574
1456
1572
1571
1486
1570
1568
1567
1565
1564
1562
1561
1559
1558
1557
1556
1224
1555
1225
1560
1566
1563
1865
681
1222
1219
486
875
518
549
625
878
884
618
656
640
889
555
603
941
570
543
425
917
266
936
682
463
575
495
718
874
891
1440
1441
1443
1444
1446
1445
1448
1449
1447
1442
1438
1437
1435
1436
1433
1432
1430
1429
1289
1431
1428
1154
1318
1357
1356
1358
1151
1355
1353
1352
1350
1349
1348
1346
1347
1344
1345
1342
1343
1340
1341
1338
1134
1127
229
414
418
1052
1090
1088
1089
1086
1087
1085
156
399
1084
1082
1081
1083
950
1079
1074
1610
1779
1736
1497
8
972
971
973
1008
974
1780
673
1304
1513
1116
557
1490
1489
1545
282
284
1512
1115
1303
7
109
1514
868
1117
453
747
1009
1073
285
286
395
416
412
224
1080
227
397
1339
189
711
695
859
597
576
173
370
862
870
496
498
146
230
648
897
614
873
592
217
901
573
669
904
916
677
358
405
709
763
579
234
525
605
35
582
919
482
766
654
1188
1187
170
1185
1186
1184
1183
169
1181
1182
171
1178
200
1176
1175
1177
168
1862
1706
1846
1234
1180
1236
1237
188
1239
1238
1240
1242
1243
1244
1246
1063
1245
671
672
443
1689
670
572
571
1884
920
1241
1370
683
1235
1707
1883
1847
1038
1039
1036
1037
542
1880
833
569
835
1747
119
831
1034
1033
143
144
462
512
626
1751
624
921
1746
461
1035
1819
1821
1822
1820
511
922
166
1170
165
1168
1169
1167
1165
1164
1166
1163
1161
1286
1285
1287
1023
1291
1740
1741
1743
1742
1744
485
1835
1839
1885
1734
1745
1784
1733
1867
611
879
892
893
880
1882
22
1824
1704
1841
1801
1860
1708
1710
368
26
554
553
1749
876
877
883
886
882
21
4
887
6
1881
1709
888
423
264
265
424
1798
1799
914
1669
341
1672
890
1668
935
1485
366
339
602
340
657
367
676
872
526
534
1365
535
668
1791
1837
1876
1875
642
1870
655
1759
1488
1757
1755
1754
1756
1758
1450
1452
1451
1454
1453
1484
1455
257
604
261
517
871
900
1678
85
775
501
1439
1752
1748
409
1434
1753
1793
1159
1464
1475
1260
1122
1815
782
1233
1536
704
89
1830
719
720
1697
45
1620
61
1072
10
1635
684
956
1006
1400
1372
850
791
755
813
942
804
855
176
203
787
296
565
183
433
464
798
221
360
508
795
348
124
808
801
205
439
491
402
635
152
238
806
410
1066
1383
1302
222
361
509
137
796
206
153
741
239
298
1194
1193
1043
1191
1190
1062
1192
1189
175
620
726
735
844
540
538
201
929
628
487
489
513
925
129
733
494
530
556
292
380
504
523
322
330
533
927
346
130
587
352
934
133
551
458
622
701
940
899
390
691
738
846
724
150
633
860
598
577
174
1250
1249
1044
1247
191
847
190
827
979
985
828
992
1773
48
1661
1843
2
1248
278
442
1552
1518
1108
1548
1351
1144
1506
1626
80
1519
1147
1606
1354
841
779
697
837
815
715
381
849
818
244
235
429
758
866
421
267
773
865
563
274
586
283
854
830
744
776
650
136
1065
1374
1787
1299
1856
1690
995
62
117
295
1325
649
790
1294
1200
103
839
71
840
1546
1491
1544
946
785
1419
1770
1630
1676
1460
1731
1014
1015
145
1016
1025
1026
1024
389
1027
1029
1028
1031
1032
1818
1030
834
1524
1162
197
1171
1172
167
1173
199
1174
612
27
1861
1842
613
1705
34
69
1802
287
1569
1573
40
3
0
1782
1783
1732
1834
548
546
1794
881
50
885
1866
385
398
1253
1160
793
1252
1020
1667
1215
1413
1423
1461
1652
1592
1767
1766
1765
388
1603
1051
344
475
836
271
1502
1768
1420
1665
1769
1666
568
1315
1049
1771
427
723
182
108
772
675
140
422
853
867
564
220
39
987
623
521
151
147
291
869
1683
529
192
202
858
843
505
1772
954
659
1729
82
1750
198
51
1823
1179
832
1259
1829
750
1864
667
1671
30
1808
1553
1615
406
1541
440
1202
297
411
740
1067
100
17
1781
327
