1866
3
1749
876
553
4
554
6
888
887
424
423
264
1485
265
367
366
339
657
602
340
935
1798
1703
1799
1800
918
426
902
914
341
1669
1668
676
1672
890
1483
260
1482
1481
1480
1479
1478
1477
1476
1475
1474
1473
1472
1471
1470
1469
1468
1467
1466
1465
1464
1463
1290
1159
1255
1019
1215
1462
1461
1523
1522
1521
307
1520
1627
1507
1760
545
1421
1618
1664
1424
80
1519
1626
1506
1606
1423
1663
1778
1642
1503
1500
1643
1594
1725
1887
1403
1879
1597
1650
1649
1596
1878
1402
1886
1724
1593
1134
1135
1136
1137
1138
1139
1140
1141
1142
1143
1144
1145
1146
1147
1148
1149
1150
1151
1152
1018
1153
1154
1155
1318
1358
1357
1356
1355
1354
1353
1352
1351
1350
1349
1348
1347
1346
1345
1344
1343
1342
1341
1340
1339
1338
1133
1132
1131
1130
1129
1128
1053
164
1127
163
1126
228
229
417
418
414
413
396
397
1052
1092
157
1091
1090
1089
1088
1087
1086
399
285
286
400
1093
1094
1095
1096
1097
1098
1099
1100
1101
1102
1103
1104
1547
1504
1548
1422
1105
1106
1107
1108
1109
1549
1550
1505
1551
1518
1552
1553
1110
1111
1112
1113
1114
1017
1359
1554
1254
1158
1288
1727
1781
1874
1225
1840
1555
1556
1557
1224
1558
1559
1560
1561
1562
1563
1564
1565
1566
1567
1568
1569
1570
1486
287
1571
1572
1573
1574
1575
1456
1576
1577
288
1363
1578
289
1579
1580
1581
1582
1583
1584
1064
290
1585
151
406
359
1682
356
1681
1364
355
1680
1670
1457
1679
1678
1677
775
575
495
463
86
85
1487
5
40
66
74
1851
46
84
49
1865
1888
1735
1836
1776
1844
681
486
1223
1222
1221
1220
1219
1218
1157
1156
1289
1428
1429
1793
409
1748
1752
1753
1754
1755
1756
1757
1488
1758
1759
1448
1447
1446
1445
1444
1443
1442
1441
1440
1439
1438
1437
1436
1435
1434
1433
1432
1431
1430
549
875
518
891
625
878
618
884
501
656
874
640
889
603
555
570
941
425
543
266
917
718
682
936
1449
1450
1451
1452
1453
1454
1455
257
900
604
261
517
342
652
641
590
894
646
232
527
583
871
580
632
765
536
708
869
404
357
484
627
1198
1869
975
521
1251
712
600
714
1722
696
713
599
1199
39
1868
601
930
1659
987
1853
931
331
937
980
332
347
353
324
588
131
506
932
693
134
514
552
702
739
391
623
459
703
740
460
1775
1817
1816
692
994
1863
938
88
121
1854
988
1660
1662
120
325
1674
981
1845
321
379
490
488
898
128
522
944
928
736
537
725
843
578
172
192
596
202
727
710
371
694
845
619
231
500
147
539
528
615
858
218
291
594
149
767
574
861
1837
1683
1791
668
535
1876
667
1484
1671
1875
534
1365
526
1870
642
1864
655
262
516
343
653
643
591
895
872
581
764
54
1792
1684
483
1838
55
56
1057
593
1323
1045
1848
1361
529
1723
1195
1293
95
977
976
982
329
532
497
345
926
351
132
326
589
507
933
690
550
135
457
621
515
737
700
939
392
993
990
989
986
983
1774
1772
1
991
1855
505
984
1852
1655
978
1588
1587
1197
499
1586
1041
1321
38
1060
81
1686
25
1059
37
1320
1040
1850
1196
1292
1362
1849
43
1319
36
1058
24
52
1685
73
72
28
1366
1871
30
915
903
233
31
1872
67
1367
29
107
1687
82
23
1717
1718
1719
1720
1721
1360
1042
1322
1061
695
711
189
597
859
846
576
173
370
633
862
870
496
230
498
146
648
873
897
614
217
592
150
901
766
573
669
916
904
482
677
358
654
405
709
763
919
579
234
525
582
605
35
1802
613
1842
1861
1705
200
1178
1177
1176
1175
1174
1173
1172
167
1171
199
198
166
1170
1169
165
197
1168
1167
1166
1165
1164
1163
1162
1161
1287
1286
1285
1023
1217
1284
1283
1282
1281
1280
1279
1278
1277
1276
1275
1274
1273
1272
1271
1270
1269
1268
1267
1266
194
1265
1264
1263
1262
1049
252
254
1654
476
1261
969
196
970
214
1050
1308
1309
1310
1311
213
1312
1313
1314
1315
1316
1317
323
319
373
836
1602
1591
794
568
472
271
333
304
336
337
686
474
299
334
250
328
338
303
335
707
595
544
394
734
272
477
456
249
354
723
445
662
309
503
449
438
259
924
732
606
374
401
427
365
524
607
752
481
256
182
216
193
142
263
415
1786
1785
1761
108
1524
1818
461
511
1746
624
921
51
922
626
1751
512
462
1819
1820
1821
1822
1823
1846
1706
1862
1179
168
171
1181
1182
1183
1184
169
1185
170
1186
1187
1188
1189
1190
1062
1191
1043
1192
1193
1194
175
724
620
726
201
735
844
538
540
929
523
628
487
489
504
513
925
733
129
556
494
530
380
322
292
533
330
346
927
352
130
587
327
934
691
133
551
390
458
622
738
701
899
940
48
1773
2
992
828
1661
985
979
1843
827
190
191
1250
174
577
847
860
598
1249
1248
1044
1247
1063
1246
1245
1244
1243
1242
1241
671
672
670
443
1689
442
572
571
1884
1370
920
1240
1239
278
683
188
1238
1237
1236
1235
1234
1180
1847
1707
1883
1039
1038
1037
1036
144
1035
542
569
833
1880
832
835
119
834
1747
831
143
1034
1033
1032
1031
1030
1029
1028
1027
1026
1025
1024
145
1016
1015
389
1014
1731
1771
1460
1630
1770
1676
1419
1769
1665
1615
1420
1666
1502
1768
1652
1592
1603
1767
1766
1765
388
1051
471
344
148
387
408
479
520
420
315
317
127
212
195
273
531
475
320
253
447
161
473
279
226
610
717
220
187
470
637
634
363
685
617
312
311
305
645
639
154
680
452
277
378
140
431
675
455
689
564
301
559
562
772
269
468
210
248
811
754
825
294
584
276
821
774
268
422
759
867
943
237
863
853
383
280
757
817
848
838
780
428
699
786
842
852
746
829
857
778
756
204
814
636
805
792
810
789
178
185
567
466
493
1205
1206
1207
1208
1209
1210
1211
1212
1213
1214
180
560
13
1517
14
1595
1401
1307
16
11
1608
1003
1808
432
211
826
823
1494
12
179
1373
822
281
1542
1334
1541
1540
1539
913
1204
1333
1332
945
1538
1537
1696
1859
1001
912
1811
1790
1071
911
910
905
909
906
1070
1789
1810
907
1000
1858
1695
908
208
441
139
510
797
362
800
223
122
803
350
298
435
123
118
949
1604
1825
1203
116
651
1202
1331
1330
1329
1328
1692
1693
1694
999
138
207
998
807
403
239
411
741
153
206
440
137
796
361
509
222
349
799
802
434
1302
1788
240
1376
1069
1068
1301
997
1327
948
1384
1383
1382
1381
1380
1379
1378
1377
1067
241
1375
742
1066
63
1300
996
1857
1691
1326
98
99
1809
947
1226
1227
1201
1295
1228
1296
777
113
851
698
816
382
1394
1393
243
1392
1391
1390
1389
242
1388
1387
1386
1385
856
743
745
100
247
1492
864
110
1515
275
1399
585
1398
246
1397
245
1396
236
1395
1371
1807
1806
1805
1803
114
101
1297
184
177
465
125
297
566
809
492
788
64
1298
104
102
115
1804
111
105
1543
106
1372
716
91
1493
819
820
1516
33
1400
1306
15
10
1607
1002
44
1525
1072
1620
1635
45
61
1697
89
364
1634
1619
87
60
1699
92
1829
1232
609
225
160
1535
446
159
961
960
959
958
957
956
955
608
186
469
1698
684
1528
1527
1526
1007
1006
1005
1004
1609
1614
1013
1621
1636
954
1625
1078
53
451
377
1613
76
75
1738
1499
688
1496
1495
1305
18
17
1118
65
9
1498
1737
96
97
1612
83
1012
1077
1633
1624
1531
59
953
94
1828
1231
1324
219
1337
1534
1121
729
1814
1258
1427
519
1796
1124
1509
1426
1257
1813
761
1120
1533
1336
42
1230
1827
93
952
58
1530
1623
1632
1076
1011
679
1611
78
77
454
687
270
558
638
728
561
771
658
467
209
644
616
753
824
293
586
158
563
274
865
773
267
421
854
866
758
283
235
244
429
849
381
818
715
815
837
830
779
697
841
785
744
776
850
791
942
755
813
650
804
203
855
176
787
808
565
183
296
124
464
433
801
798
348
221
360
795
508
136
205
439
402
491
806
635
152
238
410
1374
1065
62
1787
1299
995
1856
1690
1325
117
295
946
649
1200
1294
71
790
103
839
840
282
1544
1545
1489
284
1546
1512
1115
1303
971
974
973
972
8
1304
1116
1513
7
557
1490
1491
868
109
1514
1117
453
673
1497
1736
1779
1780
1610
1009
1074
1008
1073
1079
1080
950
1081
1082
1083
1084
1085
156
395
412
416
227
224
747
306
310
155
141
760
768
678
629
450
302
781
812
663
674
430
376
1010
1075
1631
1622
1529
57
951
79
1826
1229
41
1335
1532
1119
748
664
1812
1256
1425
1508
1123
1795
749
1762
750
1054
666
665
478
1832
1763
762
1055
47
1673
1764
1833
1797
1125
1510
659
630
769
313
730
126
962
963
964
965
162
966
419
386
318
1046
541
372
547
1599
393
1653
731
314
1641
1640
1639
1638
1637
1056
1598
770
631
660
1404
1405
1406
1407
1408
1409
1410
1411
1412
1413
1414
1415
1628
1667
1458
375
436
1728
1700
1020
793
1253
1252
1021
181
255
215
480
751
1701
1729
923
258
437
448
502
308
661
444
384
1416
1616
1617
19
1648
1647
1589
316
1600
1646
1645
1047
1644
967
407
251
1511
1259
704
1233
1830
719
720
782
1536
1122
1815
1260
968
1048
1831
1777
1877
705
1601
783
721
1590
1726
1651
20
90
1656
1657
1501
1658
300
1605
706
1675
1418
722
1417
784
1629
1459
112
1730
1702
1216
1022
1739
1740
1160
1291
1885
1741
1742
1743
1744
1733
485
1839
1835
1784
1734
1745
1867
611
612
880
22
1882
27
1824
1704
1860
1841
1801
34
32
1873
68
1369
896
647
69
70
1688
1716
369
1368
1715
1714
1713
1712
1711
368
1710
1709
1708
26
1881
21
877
883
882
885
886
893
892
879
1750
50
881
1732
1783
1834
1794
548
546
385
398
1782
